SAMPLES:	10456
BITSPERSAMPLE:	16
CHANNELS:	1
SAMPLERATE:	44100
NORMALIZED:	FALSE
0
1
-1
0
-1
0
1
0
1
1
0
0
0
-1
0
-1
0
0
0
1
-1
1
0
1
1
1
0
0
-1
-1
0
0
0
-1
1
0
0
-1
1
1
0
-1
1
1
0
1
1
-1
0
-1
0
1
0
0
0
1
1
0
1
1
2
1
2
1
2
2
3
2
2
3
4
6
6
7
9
11
11
13
14
17
19
22
24
27
30
34
37
42
46
52
55
61
67
71
79
84
91
97
106
112
120
129
138
147
156
166
176
185
197
208
220
233
244
258
273
286
301
318
335
351
371
391
412
434
456
481
506
533
563
594
627
662
701
739
781
825
874
922
975
1031
1088
1150
1213
1281
1352
1427
1504
1583
1667
1753
1842
1935
2031
2131
2232
2337
2444
2552
2663
2775
2891
3006
3123
3243
3361
3479
3599
3718
3836
3953
4070
4183
4295
4405
4512
4617
4717
4813
4906
4993
5076
5152
5223
5288
5347
5401
5446
5484
5516
5540
5556
5564
5565
5557
5540
5517
5483
5443
5393
5337
5271
5200
5119
5029
4934
4830
4719
4602
4477
4348
4211
4069
3920
3767
3608
3446
3277
3106
2930
2750
2568
2384
2196
2004
1812
1618
1422
1224
1024
825
625
423
220
20
-183
-384
-586
-788
-990
-1190
-1390
-1589
-1787
-1985
-2183
-2378
-2574
-2768
-2961
-3154
-3344
-3535
-3724
-3912
-4100
-4285
-4471
-4655
-4839
-5019
-5201
-5382
-5560
-5739
-5917
-6093
-6268
-6443
-6617
-6790
-6961
-7133
-7305
-7475
-7645
-7814
-7982
-8149
-8318
-8483
-8649
-8816
-8982
-9147
-9310
-9476
-9640
-9805
-9968
-10132
-10295
-10458
-10622
-10785
-10948
-11112
-11276
-11440
-11604
-11766
-11930
-12094
-12259
-12422
-12588
-12753
-12917
-13081
-13246
-13410
-13574
-13739
-13903
-14068
-14231
-14394
-14558
-14721
-14882
-15043
-15203
-15363
-15521
-15677
-15833
-15987
-16141
-16291
-16439
-16587
-16733
-16876
-17017
-17155
-17290
-17424
-17552
-17680
-17803
-17923
-18040
-18154
-18264
-18368
-18470
-18567
-18661
-18749
-18834
-18913
-18989
-19060
-19124
-19184
-19240
-19290
-19336
-19376
-19410
-19439
-19462
-19481
-19494
-19501
-19503
-19499
-19488
-19473
-19452
-19427
-19396
-19358
-19316
-19267
-19215
-19155
-19092
-19023
-18949
-18872
-18787
-18698
-18605
-18507
-18407
-18299
-18189
-18075
-17956
-17833
-17709
-17579
-17445
-17308
-17170
-17028
-16882
-16734
-16584
-16431
-16274
-16118
-15958
-15795
-15633
-15468
-15302
-15134
-14964
-14793
-14622
-14449
-14275
-14103
-13929
-13754
-13578
-13402
-13227
-13051
-12876
-12702
-12526
-12352
-12178
-12006
-11834
-11663
-11493
-11326
-11157
-10992
-10828
-10665
-10505
-10345
-10187
-10032
-9880
-9728
-9580
-9432
-9289
-9147
-9008
-8870
-8736
-8604
-8475
-8349
-8224
-8104
-7987
-7871
-7760
-7650
-7543
-7441
-7341
-7243
-7149
-7057
-6969
-6884
-6802
-6725
-6648
-6576
-6506
-6442
-6378
-6320
-6263
-6210
-6162
-6116
-6073
-6033
-5998
-5965
-5936
-5910
-5887
-5868
-5852
-5840
-5832
-5825
-5824
-5824
-5829
-5834
-5845
-5857
-5873
-5893
-5913
-5936
-5963
-5991
-6022
-6053
-6088
-6123
-6160
-6198
-6236
-6276
-6317
-6357
-6397
-6437
-6477
-6515
-6551
-6587
-6621
-6653
-6684
-6711
-6737
-6757
-6775
-6790
-6801
-6808
-6812
-6810
-6803
-6791
-6776
-6753
-6728
-6696
-6658
-6614
-6567
-6513
-6453
-6389
-6320
-6245
-6163
-6079
-5988
-5894
-5794
-5690
-5582
-5471
-5357
-5238
-5117
-4993
-4866
-4740
-4608
-4477
-4346
-4213
-4078
-3944
-3810
-3678
-3544
-3412
-3282
-3152
-3025
-2901
-2777
-2658
-2538
-2423
-2311
-2202
-2097
-1994
-1893
-1798
-1705
-1616
-1531
-1448
-1370
-1296
-1224
-1157
-1093
-1030
-973
-917
-865
-815
-769
-726
-685
-645
-610
-575
-544
-514
-484
-459
-432
-409
-386
-366
-346
-327
-310
-292
-277
-262
-246
-233
-221
-207
-197
-185
-175
-164
-154
-145
-136
-128
-118
-110
-103
-96
-90
-83
-76
-70
-64
-60
-55
-49
-47
-42
-38
-34
-31
-27
-24
-23
-20
-17
-15
-13
-13
-10
-10
-9
-7
-5
-4
-4
-3
-4
-3
-3
-1
-1
-1
0
-1
-1
-1
-1
0
0
0
0
0
0
1
0
0
-1
-1
0
0
-1
-1
0
0
1
1
-1
0
0
0
0
-1
0
0
-1
0
1
-1
0
1
1
1
1
1
0
0
1
0
0
-1
0
0
-1
1
-1
-1
0
0
1
1
0
-1
1
0
0
1
0
-1
1
1
1
0
2
3
3
3
4
5
7
7
8
10
12
14
17
20
23
27
31
34
39
44
51
55
63
69
75
83
92
100
109
118
128
139
150
161
173
186
199
211
226
241
256
273
291
309
328
348
369
392
416
440
467
494
522
553
585
619
655
693
732
774
816
862
908
958
1009
1063
1118
1175
1235
1295
1359
1426
1494
1564
1635
1709
1785
1863
1943
2024
2109
2192
2280
2368
2457
2548
2642
2736
2830
2926
3023
3121
3222
3320
3421
3522
3625
3728
3830
3932
4036
4138
4240
4342
4446
4547
4649
4749
4847
4946
5044
5139
5234
5329
5419
5509
5598
5683
5767
5847
5926
6002
6076
6145
6212
6277
6338
6396
6449
6500
6546
6590
6628
6664
6696
6723
6748
6766
6782
6794
6801
6805
6804
6799
6793
6780
6765
6748
6726
6702
6674
6645
6611
6577
6541
6502
6462
6422
6379
6337
6294
6252
6209
6168
6126
6088
6050
6013
5980
5949
5920
5895
5874
5855
5843
5831
5826
5824
5828
5835
5849
5868
5891
5921
5955
5995
6041
6091
6148
6209
6278
6352
6430
6515
6603
6698
6798
6903
7015
7130
7248
7373
7504
7636
7773
7916
8061
8210
8364
8520
8678
8841
9006
9173
9342
9515
9688
9863
10039
10217
10396
10577
10758
10939
11121
11302
11483
11664
11845
12025
12205
12384
12561
12739
12914
13088
13260
13431
13600
13768
13935
14099
14261
14423
14580
14738
14891
15044
15194
15341
15487
15631
15772
15911
16049
16182
16314
16443
16571
16695
16817
16936
17055
17170
17282
17392
17499
17605
17707
17807
17904
17999
18090
18180
18268
18352
18434
18512
18588
18662
18733
18800
18867
18928
18989
19045
19098
19150
19198
19242
19284
19322
19358
19390
19419
19445
19468
19487
19504
19517
19527
19533
19535
19532
19529
19519
19507
19492
19472
19449
19422
19391
19357
19317
19275
19228
19178
19123
19064
19000
18932
18862
18787
18707
18624
18536
18445
18348
18248
18143
18036
17922
17807
17686
17563
17433
17302
17167
17026
16884
16738
16588
16434
16279
16119
15955
15789
15620
15449
15275
15098
14918
14738
14555
14369
14182
13992
13801
13608
13414
13218
13022
12825
12625
12426
12226
12025
11822
11619
11416
11211
11006
10802
10595
10389
10183
9975
9766
9557
9350
9140
8931
8720
8510
8299
8088
7877
7665
7453
7242
7030
6817
6603
6392
6178
5966
5752
5540
5327
5115
4902
4690
4478
4266
4054
3843
3634
3423
3213
3005
2795
2588
2380
2175
1968
1766
1562
1358
1158
958
759
563
368
173
-18
-210
-397
-585
-770
-951
-1132
-1309
-1485
-1658
-1827
-1994
-2158
-2319
-2477
-2633
-2786
-2933
-3079
-3220
-3359
-3493
-3624
-3750
-3873
-3992
-4108
-4218
-4326
-4429
-4527
-4620
-4711
-4795
-4876
-4954
-5025
-5092
-5157
-5215
-5267
-5316
-5359
-5399
-5435
-5465
-5490
-5511
-5526
-5535
-5542
-5543
-5540
-5532
-5519
-5502
-5481
-5455
-5423
-5388
-5348
-5304
-5256
-5203
-5147
-5087
-5025
-4957
-4885
-4810
-4733
-4651
-4567
-4481
-4392
-4298
-4205
-4108
-4009
-3910
-3808
-3705
-3599
-3495
-3388
-3282
-3176
-3068
-2961
-2855
-2749
-2642
-2538
-2434
-2334
-2231
-2132
-2037
-1942
-1849
-1757
-1668
-1583
-1500
-1420
-1343
-1267
-1196
-1126
-1060
-997
-938
-880
-826
-775
-726
-680
-636
-597
-558
-522
-487
-455
-426
-397
-371
-347
-323
-302
-282
-263
-245
-228
-211
-198
-182
-169
-157
-146
-134
-124
-113
-104
-95
-87
-79
-72
-65
-58
-53
-48
-43
-37
-34
-30
-26
-23
-19
-17
-15
-13
-10
-10
-8
-7
-5
-5
-4
-2
-3
-1
-2
-1
-1
-1
-1
0
-1
1
1
-1
-1
1
0
0
0
-1
-1
0
-1
0
1
1
0
0
1
0
0
0
-1
0
-1
0
1
0
-1
0
1
0
0
1
1
0
0
0
0
0
-1
1
1
0
-1
0
-1
1
0
0
1
-1
0
0
0
-1
0
1
0
0
-1
-1
0
0
0
-1
0
-1
-1
0
0
0
1
0
1
1
1
1
1
2
2
2
3
2
5
4
6
5
7
9
9
11
13
14
18
21
22
25
30
32
37
42
47
52
58
62
70
77
83
92
99
108
117
127
139
150
162
175
188
202
217
232
251
269
287
308
331
354
380
407
435
467
500
534
572
611
654
699
747
796
851
907
967
1030
1095
1163
1235
1309
1387
1469
1553
1640
1729
1820
1915
2011
2111
2212
2316
2420
2527
2633
2743
2852
2962
3073
3184
3294
3405
3515
3623
3732
3838
3944
4047
4148
4248
4345
4440
4531
4620
4704
4786
4865
4939
5010
5078
5140
5198
5252
5302
5347
5388
5424
5455
5481
5502
5518
5528
5536
5537
5534
5524
5511
5493
5469
5441
5406
5368
5325
5278
5226
5168
5106
5041
4970
4893
4814
4731
4642
4550
4455
4354
4250
4142
4029
3913
3796
3673
3547
3418
3284
3150
3009
2868
2725
2576
2425
2272
2117
1959
1799
1635
1471
1304
1134
962
788
614
437
259
78
-103
-287
-472
-657
-845
-1034
-1224
-1414
-1605
-1798
-1991
-2186
-2382
-2578
-2774
-2973
-3170
-3368
-3569
-3768
-3967
-4168
-4370
-4570
-4773
-4974
-5177
-5379
-5582
-5787
-5989
-6193
-6395
-6601
-6805
-7009
-7213
-7417
-7620
-7824
-8028
-8233
-8438
-8641
-8845
-9048
-9253
-9457
-9659
-9864
-10066
-10270
-10473
-10676
-10877
-11080
-11282
-11482
-11684
-11884
-12084
-12284
-12482
-12681
-12878
-13075
-13271
-13464
-13658
-13851
-14040
-14230
-14416
-14604
-14787
-14968
-15147
-15326
-15500
-15672
-15842
-16009
-16173
-16335
-16491
-16647
-16799
-16945
-17090
-17230
-17368
-17500
-17629
-17755
-17876
-17993
-18106
-18214
-18320
-18420
-18516
-18608
-18696
-18779
-18858
-18933
-19004
-19071
-19132
-19191
-19244
-19294
-19339
-19380
-19416
-19447
-19476
-19502
-19521
-19538
-19550
-19560
-19564
-19565
-19563
-19557
-19548
-19534
-19517
-19498
-19473
-19446
-19417
-19384
-19345
-19306
-19262
-19217
-19167
-19117
-19062
-19003
-18942
-18880
-18814
-18744
-18673
-18599
-18522
-18443
-18362
-18277
-18190
-18103
-18011
-17917
-17821
-17723
-17621
-17519
-17413
-17305
-17197
-17084
-16971
-16855
-16736
-16616
-16493
-16369
-16243
-16115
-15984
-15852
-15717
-15580
-15442
-15302
-15160
-15015
-14870
-14721
-14573
-14421
-14269
-14113
-13957
-13800
-13639
-13478
-13317
-13153
-12988
-12823
-12655
-12487
-12319
-12149
-11978
-11806
-11634
-11462
-11290
-11118
-10946
-10774
-10602
-10429
-10260
-10089
-9920
-9752
-9586
-9422
-9258
-9096
-8938
-8782
-8626
-8474
-8326
-8179
-8035
-7896
-7760
-7627
-7498
-7374
-7254
-7137
-7025
-6916
-6814
-6715
-6622
-6533
-6450
-6372
-6300
-6232
-6169
-6111
-6060
-6013
-5972
-5935
-5905
-5879
-5860
-5844
-5833
-5826
-5826
-5830
-5837
-5850
-5864
-5883
-5906
-5932
-5962
-5992
-6026
-6063
-6101
-6139
-6180
-6221
-6262
-6304
-6347
-6388
-6428
-6469
-6507
-6543
-6580
-6612
-6644
-6672
-6699
-6721
-6741
-6757
-6771
-6781
-6786
-6788
-6787
-6782
-6772
-6757
-6741
-6720
-6693
-6664
-6630
-6593
-6553
-6508
-6458
-6407
-6352
-6291
-6229
-6163
-6096
-6025
-5950
-5872
-5793
-5711
-5626
-5540
-5452
-5362
-5270
-5177
-5084
-4987
-4890
-4791
-4692
-4593
-4493
-4393
-4292
-4191
-4090
-3988
-3887
-3786
-3686
-3585
-3487
-3387
-3288
-3192
-3094
-2999
-2904
-2810
-2718
-2626
-2536
-2448
-2361
-2275
-2192
-2108
-2026
-1947
-1869
-1793
-1720
-1648
-1577
-1508
-1441
-1376
-1313
-1253
-1193
-1136
-1080
-1027
-977
-926
-879
-832
-789
-746
-706
-667
-631
-595
-562
-530
-500
-470
-442
-418
-391
-368
-345
-325
-305
-285
-269
-252
-234
-219
-205
-190
-177
-166
-153
-142
-132
-121
-112
-104
-96
-88
-80
-74
-67
-60
-55
-50
-44
-39
-35
-32
-27
-25
-22
-19
-16
-13
-13
-10
-9
-6
-5
-6
-3
-4
-2
-1
-1
-2
-1
0
0
0
-1
0
0
0
1
0
1
0
1
-1
1
0
-1
0
0
1
-1
0
-1
1
-1
0
0
0
-1
1
1
0
-1
0
0
1
0
1
1
-1
0
-1
1
0
1
0
1
0
0
-1
-1
0
0
-1
0
-1
0
0
-1
1
-1
0
0
-1
1
1
1
0
0
1
0
1
0
1
0
0
2
2
1
3
2
3
4
5
5
5
7
9
10
11
11
14
14
17
19
20
22
24
28
30
32
36
40
43
48
52
56
61
65
72
76
83
89
96
103
109
119
126
135
144
153
165
176
188
200
213
227
242
258
273
293
311
331
352
375
398
426
453
482
513
545
580
618
657
700
743
791
839
893
947
1005
1065
1130
1197
1268
1341
1419
1497
1583
1668
1759
1851
1948
2048
2150
2255
2364
2474
2588
2705
2823
2944
3066
3188
3313
3442
3570
3697
3827
3956
4084
4215
4342
4469
4596
4720
4845
4966
5085
5201
5315
5426
5533
5638
5737
5834
5926
6015
6098
6176
6252
6322
6385
6445
6500
6551
6595
6635
6669
6699
6725
6745
6761
6772
6780
6782
6781
6776
6766
6755
6739
6722
6699
6675
6649
6622
6591
6558
6526
6490
6457
6420
6384
6346
6310
6271
6236
6199
6164
6130
6097
6064
6034
6006
5978
5953
5931
5909
5890
5873
5860
5848
5838
5831
5827
5827
5829
5833
5842
5851
5864
5881
5902
5923
5949
5978
6009
6044
6083
6124
6169
6217
6268
6320
6378
6437
6501
6567
6636
6708
6783
6862
6943
7026
7115
7204
7297
7395
7494
7595
7700
7809
7920
8032
8149
8269
8390
8516
8642
8772
8904
9040
9177
9317
9460
9603
9752
9900
10052
10206
10361
10519
10676
10838
11000
11165
11329
11498
11664
11834
12006
12176
12349
12521
12695
12870
13044
13218
13393
13567
13742
13917
14091
14265
14436
14609
14782
14951
15121
15289
15456
15621
15783
15946
16104
16264
16419
16572
16723
16870
17016
17160
17299
17436
17569
17700
17826
17950
18068
18183
18296
18404
18507
18606
18701
18792
18879
18960
19036
19108
19176
19239
19295
19347
19396
19438
19477
19510
19537
19559
19576
19588
19595
19598
19596
19588
19574
19557
19535
19508
19476
19440
19398
19353
19303
19248
19188
19125
19059
18988
18914
18834
18752
18667
18577
18483
18387
18287
18185
18081
17971
17860
17747
17631
17512
17392
17269
17144
17016
16887
16756
16625
16490
16354
16217
16080
15940
15799
15657
15513
15370
15225
15080
14934
14788
14640
14492
14344
14195
14045
13895
13746
13596
13445
13294
13143
12991
12839
12688
12536
12384
12231
12079
11926
11773
11620
11467
11315
11161
11006
10852
10697
10543
10387
10232
10076
9919
9763
9606
9448
9290
9131
8972
8810
8651
8489
8325
8163
8000
7835
7668
7502
7335
7165
6996
6826
6653
6482
6307
6133
5955
5778
5600
5420
5240
5058
4872
4688
4502
4315
4126
3935
3744
3552
3357
3162
2964
2768
2569
2368
2167
1965
1762
1558
1354
1149
943
736
531
324
116
-89
-295
-501
-705
-909
-1111
-1312
-1513
-1709
-1905
-2098
-2288
-2477
-2660
-2840
-3016
-3190
-3357
-3522
-3680
-3834
-3981
-4124
-4261
-4390
-4516
-4632
-4742
-4845
-4942
-5032
-5113
-5187
-5254
-5314
-5365
-5410
-5446
-5475
-5496
-5509
-5516
-5515
-5507
-5493
-5471
-5443
-5408
-5367
-5320
-5268
-5210
-5147
-5081
-5009
-4932
-4853
-4768
-4681
-4590
-4497
-4402
-4305
-4205
-4104
-4002
-3899
-3793
-3689
-3584
-3479
-3374
-3269
-3164
-3061
-2960
-2859
-2758
-2660
-2562
-2467
-2373
-2282
-2192
-2105
-2019
-1935
-1854
-1775
-1698
-1625
-1552
-1482
-1414
-1349
-1287
-1225
-1167
-1110
-1058
-1006
-955
-907
-862
-819
-777
-737
-697
-662
-627
-593
-563
-532
-504
-477
-451
-426
-403
-381
-359
-339
-319
-302
-285
-268
-253
-239
-224
-212
-198
-186
-176
-164
-155
-145
-136
-128
-119
-111
-103
-96
-89
-83
-78
-71
-66
-61
-56
-51
-48
-43
-39
-37
-32
-29
-28
-24
-22
-18
-18
-16
-14
-12
-11
-8
-7
-7
-6
-5
-4
-4
-3
-3
-2
-2
-1
-1
-1
-1
0
1
1
0
0
0
0
1
-1
-1
-1
1
0
0
0
1
-1
0
0
0
-1
-1
0
1
1
1
-1
-1
1
-1
-1
-1
0
1
1
1
0
1
-1
0
0
0
0
0
-1
-1
0
0
0
-1
-1
-1
-1
-1
-1
-1
0
0
0
0
1
1
1
0
1
0
1
0
0
1
1
0
1
1
3
2
3
5
5
6
6
7
9
10
11
13
14
15
18
20
24
25
27
31
33
38
42
45
50
53
58
63
69
74
81
88
94
102
108
116
124
132
141
153
162
173
185
196
208
221
236
251
266
282
299
318
337
357
379
400
425
449
474
502
530
559
591
624
659
695
732
770
812
855
899
945
994
1045
1097
1152
1208
1267
1328
1391
1455
1522
1593
1664
1737
1813
1890
1971
2052
2136
2222
2310
2400
2491
2585
2679
2775
2872
2970
3070
3170
3272
3373
3474
3577
3679
3782
3882
3983
4083
4181
4279
4375
4469
4561
4648
4735
4819
4898
4974
5046
5115
5178
5236
5289
5338
5380
5419
5448
5474
5492
5505
5509
5508
5498
5483
5459
5427
5389
5343
5290
5229
5162
5086
5003
4913
4816
4710
4599
4481
4356
4226
4089
3946
3797
3644
3484
3320
3151
2977
2799
2620
2434
2246
2054
1861
1666
1466
1266
1063
860
656
450
243
37
-172
-378
-587
-794
-1001
-1208
-1416
-1620
-1826
-2030
-2233
-2436
-2637
-2837
-3036
-3234
-3431
-3626
-3821
-4013
-4204
-4394
-4581
-4770
-4954
-5139
-5321
-5504
-5685
-5864
-6041
-6218
-6393
-6569
-6741
-6913
-7083
-7253
-7423
-7590
-7756
-7922
-8087
-8251
-8413
-8577
-8737
-8898
-9058
-9216
-9375
-9533
-9691
-9846
-10002
-10157
-10313
-10467
-10621
-10775
-10929
-11082
-11235
-11385
-11538
-11689
-11840
-11991
-12143
-12293
-12443
-12593
-12743
-12891
-13041
-13189
-13338
-13484
-13634
-13781
-13927
-14074
-14220
-14366
-14511
-14655
-14798
-14942
-15085
-15228
-15368
-15507
-15647
-15786
-15924
-16060
-16194
-16328
-16461
-16592
-16721
-16851
-16978
-17101
-17225
-17345
-17464
-17582
-17696
-17808
-17918
-18025
-18130
-18232
-18333
-18429
-18521
-18612
-18700
-18783
-18864
-18941
-19014
-19084
-19149
-19212
-19270
-19323
-19373
-19419
-19461
-19498
-19531
-19559
-19581
-19601
-19615
-19625
-19629
-19630
-19624
-19615
-19600
-19581
-19556
-19526
-19493
-19452
-19409
-19361
-19308
-19248
-19185
-19117
-19045
-18968
-18887
-18801
-18709
-18615
-18517
-18414
-18306
-18195
-18080
-17962
-17839
-17715
-17585
-17452
-17318
-17179
-17038
-16893
-16747
-16597
-16446
-16293
-16135
-15978
-15817
-15655
-15492
-15328
-15161
-14995
-14827
-14656
-14486
-14315
-14144
-13972
-13800
-13628
-13456
-13283
-13109
-12938
-12766
-12593
-12423
-12253
-12083
-11916
-11749
-11581
-11416
-11253
-11091
-10931
-10770
-10614
-10458
-10305
-10152
-10001
-9854
-9706
-9564
-9421
-9282
-9146
-9011
-8880
-8748
-8621
-8498
-8375
-8255
-8139
-8024
-7913
-7804
-7698
-7595
-7494
-7396
-7302
-7211
-7121
-7036
-6952
-6872
-6794
-6720
-6649
-6580
-6514
-6452
-6392
-6337
-6283
-6233
-6185
-6140
-6098
-6060
-6024
-5991
-5961
-5935
-5912
-5892
-5874
-5859
-5848
-5839
-5832
-5829
-5828
-5831
-5836
-5842
-5852
-5864
-5879
-5895
-5915
-5936
-5959
-5983
-6011
-6040
-6068
-6098
-6132
-6165
-6200
-6234
-6269
-6304
-6341
-6376
-6412
-6446
-6481
-6513
-6547
-6577
-6606
-6633
-6659
-6683
-6703
-6722
-6737
-6749
-6759
-6763
-6766
-6764
-6756
-6748
-6734
-6714
-6692
-6664
-6632
-6594
-6552
-6507
-6455
-6399
-6338
-6273
-6204
-6130
-6049
-5967
-5879
-5788
-5693
-5594
-5491
-5385
-5278
-5165
-5051
-4936
-4817
-4697
-4575
-4452
-4328
-4203
-4076
-3951
-3826
-3700
-3575
-3450
-3327
-3206
-3085
-2966
-2848
-2734
-2619
-2508
-2400
-2293
-2189
-2089
-1990
-1895
-1803
-1714
-1626
-1543
-1463
-1384
-1310
-1240
-1172
-1107
-1043
-984
-926
-872
-821
-772
-727
-681
-641
-601
-563
-529
-494
-464
-435
-407
-381
-356
-332
-310
-291
-271
-254
-237
-222
-206
-191
-180
-167
-156
-145
-134
-125
-116
-107
-100
-93
-87
-80
-73
-68
-62
-58
-54
-48
-45
-43
-38
-34
-33
-28
-26
-25
-21
-20
-19
-17
-14
-12
-11
-10
-9
-8
-7
-6
-5
-4
-4
-4
-3
-3
-3
-3
-2
-2
-2
0
-2
-1
-2
-1
-1
-1
-1
0
1
-1
0
0
-1
0
1
1
-1
0
-1
0
0
-1
0
0
1
0
0
1
1
0
-1
1
0
1
0
-1
-1
1
1
0
0
0
-1
0
0
0
0
-1
0
0
0
0
1
-1
0
0
0
0
0
1
0
-1
1
1
0
1
0
1
0
0
0
1
0
-1
0
0
1
0
1
0
1
2
1
2
3
3
4
5
4
7
6
9
9
10
11
15
15
17
21
23
26
30
33
37
41
45
49
54
61
66
73
79
87
95
103
112
122
133
143
155
167
180
195
209
224
240
259
278
298
318
339
363
387
413
439
468
497
528
561
594
629
666
705
744
786
828
874
919
968
1017
1069
1123
1176
1234
1291
1353
1414
1477
1543
1609
1678
1748
1821
1893
1970
2046
2126
2205
2287
2370
2454
2542
2628
2718
2807
2899
2992
3085
3179
3276
3372
3470
3568
3667
3765
3866
3965
4067
4168
4268
4369
4468
4568
4668
4768
4866
4963
5060
5154
5248
5340
5429
5519
5605
5690
5773
5853
5930
6004
6076
6145
6212
6273
6332
6388
6440
6488
6532
6574
6610
6642
6672
6696
6717
6733
6745
6755
6759
6758
6756
6749
6738
6726
6708
6688
6664
6639
6610
6579
6546
6513
6475
6438
6400
6360
6321
6280
6239
6199
6160
6123
6086
6050
6017
5984
5954
5929
5905
5882
5865
5850
5840
5832
5828
5831
5836
5844
5858
5878
5900
5928
5962
5998
6039
6086
6137
6193
6255
6320
6389
6464
6543
6626
6712
6803
6899
6998
7101
7206
7315
7429
7545
7665
7788
7913
8041
8171
8302
8438
8575
8713
8854
8996
9141
9286
9433
9579
9728
9879
10029
10181
10332
10483
10638
10791
10944
11098
11251
11403
11556
11709
11862
12013
12166
12318
12469
12619
12769
12918
13065
13214
13361
13507
13651
13795
13939
14080
14223
14364
14501
14641
14777
14914
15048
15183
15313
15446
15575
15705
15832
15958
16083
16205
16328
16448
16568
16686
16802
16916
17030
17141
17251
17358
17464
17569
17671
17771
17870
17967
18063
18156
18246
18334
18420
18505
18586
18664
18740
18815
18886
18956
19022
19084
19144
19201
19256
19308
19355
19401
19443
19480
19515
19546
19573
19597
19617
19634
19647
19655
19660
19660
19657
19650
19639
19623
19602
19579
19550
19518
19481
19439
19392
19341
19288
19228
19164
19097
19025
18947
18867
18782
18691
18597
18499
18398
18292
18182
18066
17949
17827
17701
17572
17439
17303
17165
17022
16876
16726
16576
16421
16262
16103
15942
15777
15609
15441
15270
15098
14923
14748
14571
14392
14213
14032
13851
13668
13484
13299
13115
12930
12746
12559
12374
12189
12001
11816
11631
11445
11259
11074
10888
10704
10520
10337
10153
9969
9787
9605
9423
9243
9062
8881
8702
8522
8343
8166
7988
7811
7633
7456
7280
7106
6931
6755
6581
6407
6235
6062
5889
5717
5544
5372
5200
5029
4858
4687
4517
4347
4176
4006
3836
3666
3497
3327
3159
2991
2823
2653
2485
2317
2149
1980
1814
1646
1479
1313
1146
980
813
649
483
320
154
-8
-172
-335
-495
-657
-816
-975
-1135
-1291
-1446
-1602
-1755
-1907
-2057
-2207
-2354
-2500
-2645
-2787
-2927
-3063
-3199
-3331
-3461
-3590
-3714
-3834
-3953
-4067
-4178
-4287
-4391
-4492
-4588
-4680
-4768
-4851
-4928
-5004
-5071
-5137
-5195
-5250
-5298
-5341
-5378
-5411
-5439
-5459
-5475
-5484
-5489
-5487
-5479
-5466
-5448
-5423
-5394
-5360
-5319
-5273
-5221
-5166
-5104
-5039
-4969
-4895
-4817
-4734
-4647
-4559
-4465
-4370
-4271
-4172
-4068
-3964
-3857
-3749
-3639
-3530
-3420
-3307
-3197
-3086
-2975
-2867
-2758
-2649
-2543
-2437
-2334
-2232
-2131
-2034
-1938
-1844
-1755
-1667
-1581
-1499
-1418
-1340
-1266
-1195
-1126
-1061
-997
-936
-879
-824
-772
-723
-676
-631
-589
-548
-511
-476
-443
-412
-382
-354
-329
-305
-282
-261
-240
-222
-205
-189
-175
-160
-147
-136
-126
-114
-104
-97
-89
-80
-74
-68
-61
-56
-50
-48
-42
-38
-36
-31
-30
-25
-24
-21
-19
-17
-16
-14
-11
-12
-9
-8
-8
-6
-7
-6
-5
-3
-3
-2
-4
-3
-2
-3
-1
-1
0
-1
-1
0
-1
0
-1
1
0
0
-1
-1
-1
1
0
0
1
1
1
0
1
0
-1
0
-1
0
0
0
1
0
0
0
0
1
-1
0
0
0
0
0
0
0
1
-1
-1
0
1
0
-1
0
1
0
0
0
0
1
1
0
-1
0
0
0
1
1
0
-1
0
1
0
0
-1
1
1
0
0
0
0
0
1
0
-1
0
-1
-1
-1
0
0
0
0
0
0
2
1
1
2
3
2
3
3
3
5
6
7
8
9
10
11
13
15
18
19
22
25
28
33
37
40
46
50
57
62
70
77
85
94
104
114
124
136
150
163
177
193
210
227
246
266
288
311
334
360
387
415
444
476
507
543
579
615
655
694
737
781
826
874
922
973
1025
1079
1133
1190
1248
1310
1370
1433
1497
1563
1632
1701
1769
1842
1914
1988
2062
2138
2215
2294
2373
2452
2534
2613
2697
2779
2861
2945
3030
3114
3198
3282
3367
3452
3536
3620
3703
3788
3871
3951
4033
4113
4193
4271
4350
4426
4499
4571
4644
4713
4779
4845
4907
4967
5026
5081
5132
5183
5228
5271
5309
5345
5377
5405
5430
5448
5465
5474
5481
5481
5479
5471
5456
5437
5413
5383
5348
5308
5260
5209
5150
5086
5016
4939
4859
4770
4677
4578
4472
4360
4245
4122
3994
3860
3721
3578
3428
3275
3116
2953
2785
2614
2438
2257
2074
1887
1696
1503
1306
1109
907
704
498
291
82
-129
-340
-552
-767
-980
-1196
-1410
-1626
-1840
-2055
-2270
-2486
-2700
-2913
-3128
-3339
-3553
-3763
-3973
-4184
-4392
-4598
-4805
-5011
-5215
-5418
-5620
-5823
-6023
-6222
-6418
-6615
-6812
-7005
-7199
-7392
-7584
-7773
-7963
-8151
-8338
-8526
-8710
-8894
-9078
-9259
-9440
-9620
-9800
-9978
-10155
-10331
-10506
-10678
-10852
-11023
-11192
-11363
-11531
-11696
-11863
-12028
-12190
-12354
-12514
-12674
-12833
-12989
-13146
-13299
-13453
-13605
-13755
-13904
-14051
-14197
-14342
-14484
-14626
-14767
-14906
-15042
-15177
-15311
-15444
-15575
-15703
-15831
-15957
-16082
-16203
-16326
-16445
-16563
-16678
-16791
-16903
-17014
-17122
-17230
-17336
-17439
-17541
-17640
-17738
-17833
-17925
-18018
-18108
-18195
-18281
-18364
-18447
-18526
-18603
-18677
-18750
-18819
-18887
-18953
-19016
-19075
-19134
-19189
-19243
-19292
-19340
-19385
-19427
-19466
-19503
-19535
-19566
-19592
-19617
-19637
-19654
-19668
-19680
-19688
-19691
-19692
-19689
-19682
-19673
-19660
-19641
-19621
-19595
-19565
-19533
-19498
-19457
-19412
-19363
-19311
-19254
-19193
-19129
-19060
-18989
-18913
-18832
-18748
-18660
-18567
-18470
-18369
-18266
-18157
-18047
-17930
-17812
-17688
-17563
-17433
-17301
-17164
-17024
-16881
-16736
-16587
-16435
-16281
-16123
-15964
-15803
-15637
-15472
-15302
-15132
-14959
-14785
-14609
-14432
-14254
-14074
-13895
-13712
-13531
-13347
-13164
-12982
-12799
-12615
-12431
-12249
-12066
-11885
-11703
-11522
-11343
-11165
-10990
-10813
-10640
-10469
-10298
-10131
-9965
-9801
-9640
-9482
-9326
-9172
-9022
-8874
-8729
-8588
-8451
-8315
-8183
-8054
-7930
-7808
-7691
-7577
-7466
-7360
-7256
-7158
-7061
-6970
-6882
-6798
-6716
-6641
-6568
-6497
-6433
-6371
-6313
-6258
-6206
-6160
-6115
-6075
-6036
-6003
-5973
-5946
-5921
-5898
-5882
-5866
-5853
-5843
-5837
-5833
-5831
-5832
-5833
-5840
-5846
-5855
-5868
-5880
-5895
-5912
-5930
-5950
-5973
-5994
-6019
-6044
-6069
-6097
-6126
-6153
-6181
-6212
-6240
-6271
-6301
-6331
-6361
-6391
-6420
-6450
-6478
-6505
-6532
-6557
-6581
-6606
-6626
-6648
-6665
-6683
-6699
-6712
-6723
-6732
-6738
-6741
-6742
-6740
-6737
-6730
-6719
-6706
-6690
-6669
-6646
-6619
-6589
-6555
-6518
-6476
-6432
-6383
-6330
-6274
-6214
-6151
-6085
-6014
-5938
-5861
-5780
-5695
-5606
-5515
-5422
-5324
-5225
-5122
-5017
-4909
-4801
-4690
-4575
-4461
-4346
-4229
-4112
-3992
-3875
-3754
-3634
-3515
-3396
-3277
-3160
-3043
-2928
-2813
-2700
-2590
-2479
-2372
-2266
-2163
-2063
-1963
-1867
-1774
-1684
-1595
-1510
-1427
-1349
-1272
-1199
-1128
-1059
-995
-933
-873
-818
-763
-712
-665
-618
-576
-534
-495
-458
-424
-392
-363
-334
-307
-283
-259
-239
-218
-199
-182
-168
-152
-139
-127
-114
-104
-95
-85
-77
-70
-62
-56
-51
-46
-41
-37
-33
-30
-25
-24
-20
-18
-17
-15
-13
-10
-10
-8
-8
-6
-6
-5
-4
-4
-2
-2
-2
-1
-2
-1
-1
-1
0
-1
-1
-1
0
0
0
-1
0
-1
-1
0
0
0
1
0
-1
0
0
1
0
0
0
1
-1
0
0
-1
0
-1
1
0
1
0
-1
-1
0
0
0
-1
0
0
0
0
0
0
1
-1
0
-1
1
0
0
1
0
1
0
0
0
1
-1
0
1
0
0
1
1
0
1
-1
1
1
1
1
0
0
1
0
0
0
1
0
0
1
1
1
0
2
1
1
2
4
6
8
9
13
18
22
29
35
45
55
67
83
101
122
145
172
205
240
279
325
373
428
487
553
624
699
781
867
957
1054
1153
1257
1363
1473
1586
1699
1811
1925
2037
2149
2258
2365
2466
2565
2656
2743
2823
2896
2962
3021
3072
3116
3150
3177
3197
3209
3213
3212
3203
3188
3169
3144
3114
3081
3045
3007
2966
2926
2884
2844
2803
2765
2728
2695
2664
2636
2614
2595
2580
2570
2566
2567
2572
2586
2603
2626
2654
2687
2727
2773
2824
2879
2938
3005
3073
3148
3226
3310
3397
3485
3579
3677
3776
3878
3983
4089
4198
4310
4422
4537
4653
4770
4887
5006
5124
5244
5363
5484
5603
5721
5841
5960
6076
6193
6308
6422
6536
6648
6758
6865
6970
7075
7175
7276
7372
7464
7555
7643
7727
7808
7884
7958
8029
8094
8155
8213
8266
8314
8357
8396
8429
8458
8481
8501
8515
8524
8527
8526
8518
8505
8489
8466
8439
8406
8369
8326
8279
8228
8172
8113
8048
7981
7909
7834
7756
7676
7593
7508
7422
7332
7241
7151
7057
6964
6871
6777
6682
6590
6495
6403
6310
6219
6129
6038
5950
5860
5773
5688
5601
5514
5429
5343
5259
5175
5090
5004
4918
4834
4749
4663
4579
4494
4411
4329
4248
4169
4094
4021
3952
3886
3827
3775
3727
3685
3653
3628
3612
3608
3611
3625
3651
3690
3738
3798
3869
3952
4048
4152
4270
4398
4535
4682
4838
5003
5175
5356
5541
5733
5928
6129
6334
6539
6749
6958
7168
7380
7588
7797
8002
8209
8409
8609
8804
8996
9183
9368
9548
9723
9894
10062
10224
10381
10536
10684
10830
10970
11107
11239
11368
11492
11614
11732
11847
11959
12065
12171
12275
12374
12472
12566
12660
12750
12838
12925
13009
13092
13172
13250
13327
13403
13476
13549
13618
13686
13752
13818
13882
13944
14003
14061
14117
14172
14226
14278
14327
14374
14418
14462
14505
14545
14583
14618
14650
14682
14712
14737
14762
14785
14803
14821
14836
14848
14858
14865
14870
14872
14872
14868
14862
14851
14840
14824
14806
14785
14762
14736
14705
14673
14637
14598
14557
14511
14464
14411
14358
14301
14240
14176
14110
14040
13967
13894
13814
13734
13651
13565
13476
13386
13292
13198
13101
13003
12903
12802
12702
12598
12497
12395
12293
12195
12096
11999
11903
11811
11721
11635
11551
11473
11398
11326
11259
11196
11138
11082
11033
10985
10939
10899
10860
10823
10786
10748
10713
10673
10635
10592
10544
10494
10438
10376
10307
10231
10148
10056
9954
9843
9725
9596
9456
9308
9150
8981
8804
8618
8424
8223
8013
7797
7574
7346
7111
6873
6631
6386
6138
5889
5638
5386
5134
4882
4631
4380
4133
3885
3641
3398
3158
2920
2685
2454
2227
2002
1779
1559
1343
1130
918
712
505
304
105
-94
-290
-482
-673
-861
-1047
-1233
-1416
-1598
-1778
-1956
-2132
-2306
-2480
-2652
-2823
-2992
-3160
-3326
-3491
-3653
-3814
-3973
-4131
-4286
-4440
-4591
-4741
-4887
-5031
-5172
-5312
-5447
-5581
-5711
-5835
-5958
-6079
-6193
-6304
-6412
-6515
-6613
-6707
-6798
-6881
-6960
-7036
-7105
-7168
-7224
-7278
-7324
-7364
-7400
-7427
-7448
-7464
-7473
-7476
-7472
-7463
-7446
-7423
-7393
-7356
-7314
-7265
-7209
-7150
-7081
-7009
-6928
-6843
-6753
-6658
-6556
-6451
-6340
-6225
-6106
-5983
-5858
-5728
-5595
-5461
-5324
-5185
-5045
-4905
-4762
-4621
-4480
-4339
-4201
-4064
-3928
-3797
-3670
-3545
-3426
-3312
-3203
-3102
-3006
-2917
-2837
-2764
-2699
-2644
-2596
-2559
-2529
-2506
-2495
-2490
-2494
-2504
-2522
-2547
-2577
-2611
-2650
-2693
-2738
-2784
-2830
-2876
-2921
-2962
-3001
-3037
-3067
-3092
-3110
-3123
-3129
-3126
-3116
-3097
-3072
-3039
-2999
-2949
-2895
-2832
-2764
-2691
-2610
-2526
-2437
-2347
-2252
-2156
-2057
-1958
-1858
-1758
-1660
-1562
-1464
-1371
-1279
-1190
-1104
-1022
-942
-866
-795
-727
-663
-602
-545
-494
-443
-398
-356
-319
-282
-251
-222
-194
-170
-150
-129
-113
-96
-83
-71
-60
-51
-43
-35
-31
-25
-20
-16
-14
-10
-9
-7
-6
-4
-3
-3
-1
-2
-1
-1
-1
-1
1
0
0
1
0
-1
-1
0
-1
1
-1
0
1
1
0
0
-1
-1
0
0
1
0
0
0
1
0
0
0
-1
0
0
1
1
-1
0
0
0
0
0
-1
0
-1
0
0
0
0
0
-1
0
0
0
0
2
1
2
4
3
5
7
10
12
17
21
27
34
42
52
64
79
95
117
140
166
197
231
270
314
362
416
474
540
610
684
766
851
943
1038
1138
1241
1348
1457
1568
1682
1795
1907
2020
2129
2236
2340
2440
2534
2621
2704
2780
2847
2906
2959
3003
3039
3065
3085
3097
3099
3097
3086
3069
3047
3020
2986
2952
2915
2873
2832
2789
2747
2706
2665
2629
2593
2562
2535
2510
2492
2478
2468
2464
2467
2476
2489
2507
2534
2565
2603
2644
2693
2746
2805
2868
2936
3010
3086
3166
3250
3338
3430
3524
3619
3718
3819
3922
4026
4131
4239
4345
4454
4563
4672
4781
4890
4999
5109
5217
5324
5431
5535
5638
5740
5842
5940
6037
6134
6225
6316
6403
6488
6569
6649
6724
6797
6865
6929
6990
7048
7101
7148
7193
7231
7267
7296
7320
7339
7353
7361
7362
7360
7350
7336
7314
7286
7252
7212
7165
7111
7050
6985
6911
6831
6745
6651
6552
6446
6333
6213
6088
5956
5819
5674
5526
5371
5211
5043
4872
4696
4514
4329
4139
3945
3747
3544
3339
3130
2917
2702
2483
2262
2037
1809
1578
1345
1109
869
628
382
133
-120
-375
-633
-895
-1163
-1432
-1707
-1983
-2264
-2548
-2836
-3126
-3420
-3715
-4013
-4310
-4608
-4907
-5206
-5502
-5794
-6084
-6371
-6652
-6927
-7195
-7455
-7708
-7951
-8184
-8407
-8620
-8822
-9011
-9191
-9358
-9513
-9659
-9793
-9916
-10028
-10131
-10225
-10311
-10389
-10457
-10522
-10580
-10633
-10681
-10726
-10769
-10811
-10849
-10889
-10928
-10966
-11006
-11046
-11089
-11133
-11179
-11228
-11279
-11332
-11389
-11447
-11511
-11575
-11641
-11711
-11781
-11854
-11930
-12007
-12085
-12165
-12246
-12328
-12411
-12494
-12579
-12662
-12748
-12830
-12915
-12998
-13081
-13164
-13244
-13325
-13404
-13483
-13559
-13636
-13711
-13783
-13855
-13925
-13994
-14061
-14126
-14190
-14252
-14313
-14371
-14429
-14485
-14537
-14588
-14637
-14685
-14731
-14775
-14816
-14857
-14893
-14931
-14964
-14994
-15025
-15050
-15076
-15099
-15120
-15136
-15152
-15167
-15178
-15185
-15192
-15196
-15196
-15195
-15191
-15183
-15175
-15161
-15148
-15129
-15108
-15086
-15061
-15032
-14999
-14964
-14926
-14885
-14842
-14796
-14746
-14693
-14638
-14578
-14518
-14452
-14384
-14313
-14240
-14163
-14083
-13999
-13914
-13823
-13731
-13635
-13535
-13433
-13326
-13217
-13104
-12987
-12864
-12740
-12609
-12474
-12334
-12190
-12042
-11886
-11725
-11557
-11385
-11206
-11020
-10828
-10630
-10426
-10214
-9997
-9774
-9545
-9312
-9073
-8831
-8584
-8336
-8084
-7832
-7581
-7331
-7083
-6839
-6596
-6362
-6132
-5910
-5697
-5492
-5298
-5115
-4942
-4782
-4635
-4501
-4380
-4271
-4176
-4094
-4024
-3968
-3923
-3890
-3868
-3856
-3855
-3864
-3879
-3902
-3932
-3968
-4012
-4058
-4110
-4163
-4222
-4281
-4342
-4406
-4471
-4536
-4601
-4668
-4733
-4799
-4867
-4930
-4997
-5062
-5126
-5190
-5255
-5320
-5384
-5447
-5511
-5575
-5638
-5704
-5767
-5833
-5899
-5963
-6029
-6096
-6162
-6230
-6299
-6366
-6435
-6504
-6572
-6640
-6709
-6778
-6848
-6915
-6983
-7051
-7118
-7185
-7250
-7313
-7377
-7439
-7500
-7559
-7616
-7672
-7726
-7777
-7827
-7873
-7917
-7960
-7999
-8036
-8068
-8100
-8127
-8151
-8171
-8186
-8200
-8208
-8215
-8216
-8212
-8205
-8193
-8178
-8159
-8133
-8103
-8070
-8031
-7989
-7939
-7888
-7829
-7767
-7701
-7629
-7552
-7472
-7386
-7295
-7203
-7103
-6999
-6894
-6783
-6668
-6549
-6429
-6303
-6174
-6043
-5910
-5773
-5635
-5497
-5354
-5212
-5070
-4925
-4780
-4636
-4493
-4352
-4210
-4071
-3935
-3802
-3671
-3545
-3424
-3308
-3197
-3092
-2993
-2900
-2818
-2740
-2672
-2612
-2561
-2519
-2485
-2460
-2444
-2436
-2436
-2445
-2459
-2482
-2509
-2543
-2581
-2621
-2666
-2711
-2755
-2800
-2844
-2884
-2920
-2954
-2981
-3001
-3016
-3023
-3022
-3013
-2995
-2969
-2933
-2891
-2839
-2779
-2712
-2638
-2558
-2472
-2382
-2287
-2188
-2088
-1984
-1879
-1774
-1670
-1565
-1463
-1361
-1264
-1170
-1078
-990
-905
-827
-752
-680
-613
-551
-494
-442
-392
-346
-305
-270
-236
-206
-179
-154
-133
-114
-96
-83
-71
-59
-48
-41
-33
-27
-24
-19
-16
-12
-10
-7
-6
-4
-3
-4
-2
-1
-2
-1
-1
-1
0
0
1
-1
1
-1
0
-1
1
0
0
0
-1
1
0
-1
1
-1
1
1
0
0
-1
1
0
0
0
0
1
0
1
-1
-1
0
-1
0
-1
-1
-1
0
0
1
1
-1
0
-1
-1
0
0
0
1
1
0
1
1
0
2
1
3
3
5
6
9
12
14
19
23
29
36
47
57
69
84
103
122
147
173
204
239
278
321
371
424
484
547
618
694
773
860
950
1046
1145
1250
1356
1465
1577
1689
1802
1913
2025
2133
2238
2339
2435
2524
2609
2686
2754
2814
2867
2910
2945
2970
2987
2996
2996
2987
2972
2951
2924
2892
2855
2817
2774
2732
2689
2644
2604
2565
2528
2497
2468
2444
2428
2416
2412
2414
2422
2438
2461
2492
2529
2574
2625
2683
2746
2816
2893
2973
3060
3153
3247
3348
3451
3558
3670
3782
3896
4014
4132
4253
4374
4495
4618
4740
4864
4986
5108
5230
5349
5471
5589
5706
5822
5936
6048
6158
6266
6373
6477
6579
6677
6775
6868
6958
7048
7132
7214
7293
7368
7441
7510
7576
7639
7696
7751
7803
7849
7893
7933
7970
8001
8028
8052
8073
8090
8101
8110
8113
8115
8111
8103
8091
8076
8055
8033
8005
7974
7941
7903
7862
7817
7770
7719
7665
7609
7549
7488
7424
7357
7290
7220
7148
7075
7000
6926
6849
6772
6695
6618
6539
6463
6384
6308
6230
6153
6078
6004
5929
5855
5781
5709
5636
5565
5494
5423
5351
5282
5212
5141
5070
5000
4929
4857
4788
4717
4648
4578
4510
4442
4378
4315
4257
4200
4149
4104
4065
4032
4008
3991
3986
3989
4004
4031
4069
4121
4184
4262
4355
4461
4579
4713
4860
5017
5190
5371
5564
5768
5980
6201
6427
6661
6898
7139
7384
7630
7875
8122
8366
8608
8848
9084
9315
9544
9766
9982
10194
10399
10598
10792
10980
11160
11336
11504
11668
11826
11978
12126
12269
12405
12538
12667
12792
12912
13029
13141
13249
13357
13458
13557
13654
13748
13838
13927
14011
14095
14175
14253
14328
14401
14471
14538
14604
14668
14728
14787
14844
14896
14949
14997
15044
15089
15131
15172
15210
15245
15279
15309
15338
15364
15389
15411
15430
15447
15461
15474
15484
15492
15497
15502
15503
15501
15498
15492
15484
15474
15460
15445
15427
15408
15385
15361
15333
15304
15272
15236
15199
15160
15117
15072
15024
14976
14924
14868
14811
14750
14689
14624
14556
14486
14412
14337
14259
14180
14098
14013
13926
13836
13746
13652
13558
13462
13366
13266
13167
13067
12965
12863
12764
12663
12562
12464
12365
12271
12176
12084
11994
11909
11825
11745
11668
11596
11525
11458
11395
11334
11278
11221
11168
11116
11066
11013
10962
10909
10851
10792
10727
10660
10584
10501
10412
10311
10204
10084
9955
9814
9661
9498
9322
9134
8935
8726
8504
8270
8029
7779
7520
7252
6979
6699
6416
6128
5838
5545
5252
4957
4664
4370
4080
3791
3505
3222
2942
2667
2396
2129
1865
1607
1352
1100
853
612
373
138
-93
-320
-544
-766
-983
-1197
-1409
-1617
-1824
-2024
-2225
-2422
-2614
-2805
-2993
-3177
-3357
-3537
-3710
-3881
-4048
-4211
-4372
-4528
-4679
-4826
-4970
-5109
-5244
-5375
-5501
-5622
-5738
-5850
-5958
-6058
-6156
-6248
-6335
-6417
-6494
-6566
-6633
-6695
-6752
-6802
-6848
-6889
-6926
-6957
-6982
-7003
-7018
-7028
-7034
-7034
-7030
-7021
-7005
-6986
-6962
-6935
-6900
-6863
-6821
-6774
-6722
-6666
-6607
-6543
-6474
-6403
-6329
-6248
-6166
-6079
-5990
-5897
-5801
-5702
-5602
-5497
-5390
-5282
-5172
-5059
-4945
-4829
-4712
-4595
-4478
-4359
-4241
-4121
-4004
-3889
-3772
-3659
-3548
-3437
-3332
-3228
-3130
-3034
-2944
-2859
-2778
-2704
-2637
-2574
-2520
-2472
-2431
-2397
-2371
-2353
-2342
-2339
-2343
-2355
-2371
-2394
-2422
-2455
-2492
-2531
-2574
-2618
-2663
-2705
-2747
-2787
-2822
-2853
-2880
-2899
-2912
-2918
-2914
-2903
-2884
-2854
-2816
-2770
-2714
-2650
-2577
-2497
-2411
-2319
-2223
-2121
-2014
-1906
-1797
-1687
-1577
-1467
-1360
-1255
-1152
-1053
-960
-869
-783
-704
-628
-559
-494
-435
-382
-333
-287
-249
-213
-181
-154
-130
-109
-91
-76
-62
-51
-41
-33
-26
-20
-16
-13
-9
-8
-5
-4
-3
-3
-2
-2
0
0
-1
0
0
0
-1
0
0
1
0
0
0
0
0
0
-1
0
0
0
-1
-1
-1
0
1
-1
0
-1
-1
-1
-1
1
0
0
-1
0
0
0
0
0
0
0
0
0
1
0
0
0
1
1
0
0
0
1
0
0
1
1
1
2
2
3
2
4
5
6
9
10
13
16
21
25
30
37
45
55
67
78
93
109
130
151
176
204
236
270
308
352
398
450
505
567
632
700
775
854
937
1024
1117
1210
1308
1410
1513
1615
1721
1825
1929
2031
2132
2228
2320
2409
2490
2566
2635
2696
2751
2796
2833
2861
2879
2890
2892
2886
2874
2853
2827
2794
2758
2717
2674
2631
2586
2541
2498
2457
2420
2388
2362
2340
2326
2318
2319
2328
2344
2370
2402
2443
2495
2553
2618
2694
2775
2862
2957
3055
3161
3270
3385
3502
3623
3747
3873
3999
4129
4256
4387
4515
4645
4773
4899
5023
5145
5266
5383
5499
5612
5719
5826
5926
6023
6117
6206
6288
6368
6443
6513
6577
6637
6690
6739
6784
6822
6854
6881
6902
6918
6928
6934
6933
6926
6914
6897
6873
6846
6813
6774
6729
6679
6625
6566
6500
6430
6357
6278
6193
6106
6013
5916
5814
5709
5600
5486
5368
5248
5123
4995
4863
4728
4589
4448
4303
4154
4003
3850
3694
3536
3374
3210
3044
2873
2703
2529
2353
2174
1993
1810
1627
1438
1248
1056
861
664
465
262
56
-153
-365
-580
-797
-1019
-1246
-1474
-1707
-1943
-2182
-2427
-2674
-2926
-3181
-3440
-3703
-3967
-4236
-4506
-4777
-5050
-5325
-5600
-5874
-6145
-6418
-6686
-6950
-7211
-7467
-7716
-7961
-8197
-8426
-8644
-8854
-9056
-9245
-9426
-9595
-9756
-9903
-10042
-10169
-10287
-10396
-10498
-10589
-10673
-10753
-10825
-10893
-10959
-11021
-11079
-11139
-11196
-11256
-11316
-11377
-11441
-11509
-11579
-11654
-11730
-11813
-11897
-11987
-12080
-12178
-12278
-12380
-12487
-12595
-12704
-12815
-12928
-13041
-13155
-13269
-13382
-13494
-13607
-13716
-13825
-13933
-14037
-14139
-14239
-14335
-14431
-14522
-14611
-14696
-14779
-14857
-14935
-15007
-15078
-15144
-15206
-15267
-15322
-15376
-15427
-15472
-15516
-15556
-15592
-15627
-15658
-15683
-15708
-15730
-15747
-15762
-15774
-15784
-15790
-15792
-15793
-15789
-15786
-15777
-15766
-15753
-15736
-15718
-15697
-15671
-15646
-15616
-15586
-15553
-15515
-15477
-15437
-15393
-15349
-15301
-15252
-15199
-15145
-15090
-15032
-14972
-14911
-14845
-14779
-14711
-14642
-14569
-14495
-14418
-14341
-14260
-14177
-14093
-14005
-13917
-13825
-13731
-13634
-13536
-13433
-13329
-13221
-13112
-12999
-12883
-12761
-12638
-12512
-12380
-12246
-12105
-11963
-11814
-11662
-11505
-11342
-11175
-11003
-10827
-10645
-10456
-10265
-10068
-9866
-9660
-9450
-9238
-9021
-8800
-8578
-8353
-8127
-7900
-7675
-7450
-7225
-7003
-6785
-6571
-6363
-6159
-5963
-5773
-5594
-5422
-5260
-5108
-4967
-4839
-4721
-4617
-4524
-4441
-4373
-4316
-4271
-4237
-4213
-4200
-4197
-4204
-4218
-4240
-4271
-4306
-4346
-4393
-4443
-4495
-4552
-4609
-4671
-4732
-4794
-4859
-4922
-4986
-5050
-5117
-5181
-5246
-5312
-5379
-5447
-5514
-5583
-5652
-5723
-5794
-5867
-5940
-6014
-6091
-6167
-6246
-6323
-6403
-6480
-6562
-6640
-6719
-6797
-6875
-6950
-7025
-7099
-7169
-7238
-7305
-7368
-7427
-7484
-7538
-7587
-7633
-7673
-7710
-7742
-7770
-7793
-7811
-7825
-7834
-7836
-7836
-7828
-7817
-7800
-7777
-7751
-7720
-7684
-7643
-7596
-7547
-7493
-7432
-7371
-7304
-7232
-7158
-7080
-6997
-6912
-6826
-6733
-6641
-6543
-6445
-6345
-6240
-6136
-6029
-5920
-5811
-5698
-5587
-5473
-5358
-5243
-5129
-5012
-4897
-4781
-4665
-4550
-4436
-4323
-4209
-4099
-3987
-3879
-3773
-3667
-3566
-3464
-3367
-3272
-3180
-3093
-3008
-2928
-2852
-2778
-2709
-2646
-2589
-2534
-2485
-2443
-2405
-2373
-2346
-2325
-2309
-2299
-2293
-2294
-2300
-2310
-2324
-2344
-2366
-2393
-2423
-2454
-2487
-2523
-2560
-2596
-2633
-2666
-2699
-2730
-2757
-2779
-2800
-2813
-2822
-2823
-2820
-2807
-2790
-2765
-2732
-2689
-2642
-2585
-2524
-2454
-2378
-2297
-2209
-2117
-2022
-1922
-1822
-1718
-1613
-1508
-1405
-1301
-1201
-1103
-1006
-914
-827
-745
-666
-593
-524
-459
-402
-349
-301
-259
-221
-186
-156
-130
-108
-88
-71
-57
-47
-37
-29
-22
-18
-13
-10
-7
-4
-5
-3
-2
-1
-2
-1
0
-1
-1
0
0
-1
0
0
1
0
0
-1
0
1
-1
1
0
-1
-1
0
0
1
-1
-1
0
1
1
0
0
0
0
1
0
0
0
-1
0
0
1
0
0
0
0
0
0
1
0
2
2
2
1
1
3
3
4
7
8
10
13
17
21
25
31
36
43
53
63
74
85
101
116
135
155
177
201
229
259
292
328
366
409
452
500
552
605
664
725
788
855
927
999
1075
1153
1233
1316
1398
1483
1568
1655
1742
1828
1913
1998
2078
2158
2236
2309
2380
2446
2506
2563
2614
2660
2698
2731
2757
2777
2790
2798
2799
2795
2783
2766
2746
2719
2690
2657
2620
2583
2545
2506
2467
2429
2395
2362
2335
2311
2292
2278
2273
2273
2280
2298
2322
2354
2393
2443
2501
2566
2641
2722
2812
2909
3014
3125
3241
3362
3490
3620
3757
3896
4038
4183
4329
4477
4626
4776
4925
5073
5221
5369
5513
5657
5797
5934
6069
6199
6325
6448
6568
6682
6789
6894
6992
7085
7171
7252
7326
7396
7459
7516
7565
7609
7648
7679
7704
7723
7737
7742
7745
7741
7732
7717
7699
7673
7645
7613
7576
7535
7490
7441
7392
7338
7283
7224
7164
7102
7039
6974
6910
6843
6777
6709
6643
6576
6510
6442
6376
6313
6248
6184
6122
6060
6001
5941
5884
5826
5770
5715
5660
5607
5556
5503
5453
5402
5353
5305
5256
5208
5161
5114
5066
5020
4972
4927
4880
4835
4792
4747
4703
4660
4620
4579
4541
4503
4468
4436
4407
4381
4357
4338
4322
4312
4308
4308
4315
4326
4346
4371
4407
4447
4499
4556
4625
4702
4787
4884
4989
5103
5227
5361
5503
5656
5817
5987
6164
6351
6544
6744
6951
7162
7379
7600
7826
8053
8284
8514
8747
8981
9211
9443
9672
9899
10121
10342
10560
10772
10981
11185
11384
11580
11770
11953
12134
12309
12479
12643
12803
12959
13110
13258
13401
13540
13676
13806
13933
14058
14177
14296
14410
14519
14627
14730
14828
14925
15019
15109
15193
15275
15353
15428
15499
15566
15628
15687
15742
15793
15839
15882
15919
15953
15982
16008
16029
16046
16059
16067
16070
16070
16066
16059
16046
16028
16008
15984
15956
15924
15888
15848
15804
15758
15707
15654
15596
15535
15472
15405
15335
15261
15186
15109
15028
14945
14859
14770
14681
14588
14496
14401
14304
14206
14106
14005
13904
13803
13702
13599
13498
13395
13296
13195
13097
12997
12901
12807
12712
12622
12533
12446
12362
12281
12202
12125
12050
11979
11910
11844
11780
11720
11660
11602
11547
11494
11440
11388
11336
11286
11234
11183
11131
11076
11020
10962
10902
10839
10771
10699
10625
10543
10459
10368
10271
10167
10056
9941
9817
9687
9550
9403
9251
9091
8923
8749
8566
8377
8180
7977
7766
7552
7329
7103
6871
6635
6395
6150
5902
5652
5400
5147
4891
4633
4376
4120
3861
3605
3350
3095
2842
2590
2338
2092
1845
1600
1357
1115
877
641
404
172
-60
-288
-518
-744
-969
-1193
-1413
-1635
-1854
-2070
-2283
-2497
-2707
-2915
-3121
-3321
-3521
-3718
-3910
-4097
-4281
-4460
-4633
-4802
-4964
-5121
-5272
-5414
-5552
-5682
-5804
-5918
-6024
-6123
-6213
-6294
-6368
-6432
-6488
-6533
-6572
-6600
-6622
-6632
-6636
-6629
-6615
-6594
-6564
-6526
-6481
-6426
-6366
-6301
-6227
-6149
-6062
-5973
-5878
-5776
-5673
-5564
-5452
-5337
-5220
-5098
-4976
-4852
-4727
-4601
-4475
-4348
-4223
-4097
-3974
-3849
-3729
-3611
-3496
-3383
-3275
-3170
-3069
-2972
-2881
-2794
-2713
-2637
-2567
-2504
-2447
-2395
-2350
-2312
-2278
-2253
-2231
-2217
-2209
-2205
-2208
-2215
-2227
-2242
-2262
-2285
-2312
-2340
-2371
-2403
-2435
-2469
-2501
-2534
-2566
-2596
-2624
-2650
-2671
-2692
-2707
-2718
-2725
-2729
-2728
-2721
-2708
-2692
-2670
-2643
-2609
-2572
-2529
-2482
-2430
-2372
-2311
-2247
-2179
-2107
-2033
-1956
-1876
-1795
-1711
-1629
-1544
-1460
-1377
-1294
-1212
-1131
-1051
-976
-900
-829
-758
-693
-629
-570
-514
-462
-411
-366
-324
-284
-249
-216
-186
-161
-137
-115
-97
-82
-69
-57
-47
-36
-30
-24
-19
-15
-11
-9
-6
-5
-3
-3
-1
0
0
-1
-1
0
-1
1
-1
0
1
1
-1
0
1
1
0
0
0
0
0
1
1
1
0
1
0
0
-1
1
0
0
-1
0
0
-1
0
0
1
0
0
0
0
-1
0
1
0
0
2
1
3
4
5
7
9
11
14
20
26
33
40
50
63
76
94
113
134
159
187
218
253
291
334
382
432
488
547
608
675
745
819
896
977
1059
1143
1231
1317
1407
1497
1586
1673
1762
1847
1933
2014
2092
2168
2237
2306
2367
2427
2478
2525
2568
2603
2634
2661
2679
2693
2702
2706
2704
2699
2689
2674
2656
2633
2610
2582
2554
2523
2491
2460
2426
2395
2363
2333
2304
2278
2254
2234
2216
2202
2192
2186
2184
2189
2196
2210
2229
2252
2282
2317
2358
2403
2453
2510
2572
2640
2711
2787
2867
2953
3042
3135
3232
3332
3434
3541
3649
3761
3873
3986
4102
4217
4335
4452
4570
4685
4802
4916
5031
5144
5253
5362
5466
5569
5667
5763
5855
5943
6025
6102
6174
6242
6302
6357
6405
6445
6481
6507
6528
6538
6543
6539
6527
6507
6477
6440
6392
6338
6275
6201
6122
6031
5934
5827
5714
5592
5463
5324
5179
5029
4869
4705
4532
4357
4174
3984
3792
3595
3393
3187
2978
2765
2547
2330
2108
1883
1655
1427
1195
960
725
486
245
2
-243
-490
-739
-993
-1247
-1506
-1765
-2029
-2294
-2561
-2832
-3103
-3377
-3652
-3930
-4208
-4486
-4764
-5041
-5317
-5592
-5863
-6133
-6398
-6661
-6918
-7168
-7414
-7654
-7886
-8110
-8326
-8534
-8735
-8928
-9111
-9286
-9450
-9607
-9755
-9894
-10027
-10150
-10265
-10374
-10476
-10572
-10662
-10745
-10824
-10898
-10967
-11035
-11099
-11162
-11221
-11278
-11336
-11391
-11448
-11504
-11560
-11618
-11677
-11737
-11799
-11864
-11929
-11996
-12066
-12137
-12212
-12288
-12366
-12447
-12529
-12614
-12700
-12789
-12880
-12971
-13064
-13158
-13254
-13351
-13447
-13545
-13644
-13742
-13840
-13939
-14036
-14134
-14229
-14327
-14421
-14515
-14609
-14699
-14788
-14877
-14965
-15048
-15132
-15212
-15291
-15369
-15443
-15513
-15584
-15650
-15716
-15777
-15836
-15891
-15944
-15995
-16042
-16084
-16125
-16162
-16196
-16227
-16254
-16277
-16297
-16313
-16324
-16333
-16337
-16338
-16333
-16327
-16314
-16300
-16280
-16256
-16227
-16196
-16158
-16119
-16074
-16023
-15970
-15912
-15851
-15784
-15715
-15640
-15563
-15481
-15394
-15304
-15210
-15112
-15010
-14904
-14793
-14679
-14562
-14442
-14315
-14186
-14053
-13915
-13772
-13625
-13474
-13318
-13155
-12989
-12818
-12640
-12457
-12267
-12072
-11871
-11664
-11452
-11234
-11010
-10780
-10546
-10308
-10065
-9819
-9570
-9318
-9065
-8813
-8561
-8309
-8060
-7813
-7573
-7336
-7104
-6879
-6664
-6456
-6256
-6066
-5887
-5719
-5562
-5415
-5280
-5156
-5045
-4943
-4853
-4775
-4707
-4649
-4601
-4561
-4531
-4509
-4495
-4488
-4486
-4491
-4502
-4517
-4537
-4560
-4587
-4616
-4648
-4680
-4716
-4753
-4790
-4829
-4869
-4908
-4949
-4989
-5031
-5071
-5113
-5155
-5197
-5238
-5282
-5324
-5368
-5411
-5455
-5500
-5546
-5591
-5639
-5687
-5735
-5783
-5834
-5884
-5936
-5988
-6043
-6096
-6151
-6206
-6264
-6320
-6376
-6435
-6491
-6549
-6606
-6662
-6721
-6775
-6831
-6884
-6939
-6991
-7042
-7089
-7137
-7181
-7226
-7264
-7304
-7337
-7369
-7398
-7422
-7444
-7461
-7475
-7485
-7491
-7492
-7488
-7479
-7464
-7446
-7421
-7394
-7359
-7320
-7275
-7224
-7167
-7106
-7040
-6968
-6890
-6807
-6720
-6626
-6527
-6424
-6319
-6206
-6090
-5969
-5846
-5719
-5588
-5454
-5318
-5180
-5038
-4896
-4753
-4610
-4464
-4319
-4176
-4034
-3892
-3753
-3615
-3483
-3351
-3225
-3106
-2989
-2879
-2775
-2679
-2590
-2509
-2436
-2372
-2315
-2268
-2230
-2201
-2181
-2169
-2166
-2169
-2180
-2198
-2222
-2251
-2284
-2320
-2358
-2397
-2437
-2476
-2512
-2546
-2576
-2601
-2623
-2637
-2643
-2643
-2638
-2624
-2600
-2571
-2534
-2489
-2436
-2376
-2312
-2240
-2164
-2083
-1999
-1913
-1822
-1730
-1638
-1545
-1452
-1360
-1269
-1182
-1096
-1011
-932
-855
-780
-712
-646
-582
-526
-470
-422
-375
-332
-295
-258
-226
-198
-172
-148
-127
-110
-94
-80
-67
-56
-47
-39
-33
-26
-23
-18
-14
-12
-8
-7
-6
-5
-4
-3
-1
-2
-1
-1
-1
-1
-1
0
0
1
0
0
0
1
0
0
0
1
1
1
-1
1
-1
0
-1
0
-1
0
-1
-1
-1
-1
-1
1
0
0
0
0
0
-1
-1
0
0
0
-1
0
1
0
0
1
1
0
0
0
0
1
1
2
2
2
3
3
5
7
10
13
17
23
28
37
46
57
70
86
104
127
151
180
213
251
293
341
393
449
513
581
654
733
816
905
996
1093
1192
1292
1396
1501
1606
1709
1810
1909
2004
2095
2180
2261
2334
2399
2456
2506
2546
2577
2601
2615
2622
2621
2613
2597
2576
2550
2519
2485
2449
2411
2373
2336
2298
2264
2233
2206
2182
2164
2153
2146
2148
2155
2168
2190
2218
2254
2297
2346
2403
2465
2534
2606
2687
2772
2863
2955
3055
3156
3260
3368
3479
3592
3706
3822
3938
4055
4175
4293
4411
4529
4649
4765
4881
4997
5113
5225
5336
5446
5554
5658
5763
5865
5963
6059
6153
6244
6331
6417
6499
6578
6654
6726
6795
6861
6923
6981
7037
7088
7136
7179
7219
7255
7288
7317
7342
7362
7380
7393
7401
7408
7408
7406
7400
7392
7378
7361
7341
7318
7289
7259
7226
7191
7151
7108
7063
7017
6967
6916
6862
6808
6751
6693
6634
6573
6511
6450
6387
6325
6262
6201
6138
6076
6017
5955
5896
5839
5780
5724
5668
5614
5561
5509
5457
5407
5356
5306
5258
5209
5161
5115
5067
5020
4974
4930
4886
4842
4800
4760
4722
4688
4657
4629
4609
4591
4582
4580
4585
4600
4626
4662
4708
4768
4840
4927
5026
5139
5267
5408
5562
5730
5912
6105
6310
6527
6752
6988
7229
7479
7733
7990
8252
8515
8779
9043
9306
9566
9822
10077
10325
10568
10805
11039
11264
11485
11698
11905
12105
12298
12485
12667
12841
13009
13173
13331
13484
13630
13774
13912
14046
14175
14299
14422
14538
14652
14761
14867
14970
15069
15166
15260
15349
15435
15517
15597
15675
15746
15817
15883
15948
16009
16066
16121
16172
16221
16265
16308
16348
16384
16417
16447
16473
16499
16519
16537
16554
16566
16577
16582
16587
16589
16587
16583
16575
16566
16554
16538
16518
16498
16474
16449
16420
16388
16354
16315
16277
16234
16188
16140
16090
16036
15982
15922
15862
15798
15730
15662
15591
15516
15438
15359
15278
15193
15106
15018
14926
14831
14735
14637
14538
14436
14333
14227
14121
14014
13904
13796
13686
13576
13465
13356
13245
13139
13029
12924
12820
12717
12617
12518
12423
12330
12240
12152
12065
11983
11902
11823
11746
11670
11594
11518
11442
11364
11286
11203
11117
11027
10932
10829
10720
10602
10476
10342
10194
10040
9871
9694
9504
9302
9087
8864
8628
8382
8128
7864
7590
7310
7022
6731
6433
6132
5828
5524
5217
4911
4606
4301
3999
3699
3404
3112
2822
2538
2256
1981
1709
1441
1177
919
663
410
163
-79
-319
-557
-789
-1019
-1246
-1468
-1687
-1904
-2115
-2325
-2529
-2729
-2927
-3120
-3307
-3491
-3670
-3844
-4013
-4177
-4334
-4487
-4635
-4776
-4909
-5039
-5162
-5279
-5388
-5493
-5590
-5679
-5763
-5841
-5912
-5977
-6034
-6087
-6131
-6171
-6203
-6229
-6250
-6264
-6273
-6274
-6272
-6264
-6249
-6229
-6205
-6175
-6142
-6103
-6059
-6012
-5959
-5904
-5843
-5781
-5712
-5643
-5568
-5492
-5411
-5328
-5244
-5155
-5066
-4976
-4882
-4784
-4687
-4590
-4490
-4389
-4289
-4187
-4085
-3982
-3879
-3777
-3676
-3576
-3475
-3378
-3280
-3185
-3092
-3001
-2913
-2828
-2745
-2667
-2594
-2522
-2456
-2395
-2339
-2288
-2243
-2203
-2167
-2139
-2117
-2099
-2089
-2083
-2084
-2089
-2100
-2115
-2136
-2159
-2188
-2219
-2252
-2287
-2323
-2357
-2392
-2426
-2458
-2487
-2510
-2531
-2546
-2555
-2558
-2554
-2542
-2523
-2494
-2459
-2417
-2365
-2307
-2242
-2169
-2090
-2007
-1918
-1825
-1728
-1629
-1529
-1429
-1327
-1228
-1129
-1034
-941
-851
-766
-686
-610
-540
-474
-415
-360
-309
-264
-225
-190
-158
-132
-109
-89
-72
-58
-47
-37
-27
-21
-16
-12
-9
-7
-5
-3
-3
-2
-1
-1
0
-1
1
1
0
1
1
0
-1
0
-1
1
-1
0
1
-1
0
0
0
0
1
-1
-1
0
0
-1
-1
-1
0
-1
0
1
-1
0
-1
-1
1
1
0
0
1
0
0
0
0
1
0
0
2
1
1
3
2
3
4
5
8
10
12
15
18
23
29
35
43
51
60
71
84
98
114
131
152
174
201
228
257
291
327
366
408
455
504
555
611
669
731
797
865
936
1008
1084
1163
1241
1323
1405
1487
1570
1653
1734
1815
1893
1969
2043
2112
2178
2239
2297
2347
2393
2432
2465
2492
2514
2527
2534
2537
2530
2520
2505
2484
2458
2428
2395
2361
2324
2287
2251
2215
2183
2152
2125
2100
2083
2070
2065
2065
2074
2090
2112
2144
2184
2234
2290
2355
2426
2507
2593
2686
2787
2893
3002
3118
3238
3359
3485
3615
3744
3876
4008
4140
4271
4401
4531
4659
4783
4905
5025
5140
5249
5355
5457
5554
5645
5728
5807
5879
5943
6000
6051
6093
6129
6156
6176
6188
6192
6186
6172
6151
6124
6086
6041
5988
5925
5858
5781
5698
5608
5512
5406
5296
5180
5059
4930
4797
4660
4516
4368
4217
4060
3902
3739
3572
3403
3232
3056
2880
2700
2521
2338
2153
1968
1781
1591
1402
1211
1018
824
630
433
237
37
-162
-363
-567
-771
-976
-1185
-1394
-1604
-1818
-2031
-2248
-2467
-2687
-2909
-3134
-3361
-3588
-3818
-4048
-4280
-4513
-4748
-4982
-5218
-5453
-5687
-5923
-6157
-6387
-6619
-6847
-7073
-7296
-7516
-7731
-7944
-8151
-8354
-8552
-8743
-8930
-9111
-9285
-9451
-9611
-9766
-9912
-10055
-10188
-10314
-10437
-10551
-10660
-10763
-10863
-10956
-11045
-11131
-11213
-11293
-11371
-11447
-11523
-11597
-11672
-11747
-11824
-11902
-11982
-12063
-12149
-12236
-12327
-12421
-12520
-12622
-12727
-12834
-12946
-13060
-13177
-13295
-13418
-13542
-13667
-13793
-13921
-14049
-14177
-14304
-14430
-14557
-14683
-14806
-14926
-15046
-15161
-15275
-15385
-15495
-15599
-15701
-15798
-15891
-15980
-16065
-16148
-16225
-16296
-16365
-16429
-16489
-16544
-16594
-16640
-16680
-16716
-16746
-16772
-16794
-16809
-16821
-16828
-16830
-16826
-16818
-16805
-16787
-16764
-16738
-16706
-16670
-16629
-16582
-16533
-16479
-16421
-16358
-16291
-16221
-16146
-16070
-15987
-15902
-15812
-15720
-15626
-15528
-15424
-15320
-15213
-15101
-14986
-14869
-14750
-14627
-14500
-14372
-14240
-14104
-13967
-13824
-13680
-13530
-13377
-13223
-13063
-12900
-12733
-12563
-12388
-12209
-12028
-11842
-11651
-11460
-11263
-11063
-10861
-10655
-10448
-10239
-10026
-9814
-9600
-9387
-9171
-8957
-8744
-8533
-8323
-8116
-7911
-7710
-7513
-7320
-7132
-6949
-6774
-6603
-6439
-6281
-6130
-5989
-5853
-5725
-5606
-5495
-5390
-5296
-5208
-5130
-5057
-4995
-4938
-4890
-4848
-4814
-4786
-4764
-4749
-4737
-4731
-4732
-4735
-4743
-4756
-4771
-4789
-4810
-4833
-4858
-4885
-4913
-4942
-4973
-5005
-5038
-5072
-5106
-5140
-5177
-5213
-5250
-5289
-5326
-5368
-5408
-5449
-5493
-5537
-5583
-5631
-5680
-5732
-5783
-5837
-5891
-5948
-6005
-6064
-6126
-6187
-6248
-6310
-6373
-6435
-6498
-6559
-6618
-6677
-6735
-6791
-6843
-6894
-6941
-6986
-7026
-7062
-7094
-7122
-7143
-7162
-7173
-7179
-7179
-7173
-7162
-7145
-7119
-7088
-7050
-7006
-6955
-6897
-6834
-6763
-6687
-6604
-6516
-6423
-6324
-6220
-6110
-5996
-5877
-5755
-5630
-5501
-5368
-5233
-5096
-4958
-4818
-4677
-4535
-4395
-4252
-4113
-3974
-3835
-3700
-3567
-3437
-3312
-3190
-3071
-2958
-2851
-2748
-2653
-2564
-2480
-2404
-2336
-2274
-2221
-2174
-2135
-2105
-2081
-2064
-2052
-2050
-2051
-2058
-2071
-2089
-2111
-2135
-2163
-2192
-2223
-2256
-2288
-2320
-2349
-2377
-2403
-2426
-2445
-2462
-2473
-2479
-2481
-2478
-2470
-2455
-2436
-2411
-2382
-2346
-2307
-2260
-2210
-2157
-2098
-2036
-1972
-1903
-1832
-1759
-1684
-1609
-1531
-1454
-1377
-1300
-1224
-1149
-1074
-1002
-930
-862
-796
-732
-672
-613
-560
-507
-458
-411
-368
-328
-291
-259
-227
-199
-172
-150
-128
-111
-93
-80
-66
-56
-47
-38
-31
-24
-20
-16
-13
-11
-7
-6
-4
-4
-3
-2
-1
-1
0
-1
0
0
0
0
0
1
0
-1
-1
-1
1
0
-1
0
0
-1
-1
0
-1
0
1
-1
1
0
-1
-1
-1
-1
0
